{
  "status": "non-normative",
  "description": "Test vector for the random orthogonal feedback matrix construction. See docs/13-implementer-notes.md §Random orthogonal feedback matrix construction for the normative algorithm.",
  "configuration": {
    "tail_ms": 37,
    "soften_hz": 8000.0
  },
  "seed": 3732842941,
  "pcg32_first_8_u32": [
    3306998813,
    2878654657,
    2761565144,
    1522984516,
    3474738579,
    1655035291,
    3987338179,
    2352833247
  ],
  "source_matrix_a": [
    [
      0.5399413243867457,
      0.3404780332930386,
      0.28595397993922234,
      -0.2908050697296858,
      0.6180512397550046,
      -0.22931413585320115,
      0.8567490293644369,
      0.09562335861846805
    ],
    [
      0.7150506447069347,
      0.22263661585748196,
      0.9018866396509111,
      0.25774563662707806,
      0.49548375327140093,
      -0.11935849860310555,
      0.48571674106642604,
      -0.20712193893268704
    ],
    [
      -0.9546076213009655,
      -0.029178093187510967,
      -0.7915149037726223,
      -0.8944497304037213,
      0.369518774561584,
      -0.27196799498051405,
      0.30069794971495867,
      -0.21951581491157413
    ],
    [
      0.3420217982493341,
      -0.22902299743145704,
      -0.3938652970828116,
      0.7000730894505978,
      -0.7628554562106729,
      -0.7192393313162029,
      0.43333619367331266,
      -0.17789003858342767
    ],
    [
      -0.010892806574702263,
      -0.6731811817735434,
      -0.2766720876097679,
      -0.736058063339442,
      -0.17581747705116868,
      0.21371533861383796,
      0.36322527192533016,
      0.727048022672534
    ],
    [
      0.03336256928741932,
      0.5374001716263592,
      -0.09094652719795704,
      -0.16558491857722402,
      -0.6348223863169551,
      0.524508697912097,
      -0.6410508691333234,
      -0.055988762993365526
    ],
    [
      -0.4234671341255307,
      0.852003556676209,
      0.7086315504275262,
      0.8199469540268183,
      0.3725901576690376,
      0.29042058484628797,
      0.7524026297032833,
      -0.6473422073759139
    ],
    [
      -0.1989103346131742,
      -0.41543301520869136,
      -0.898225350305438,
      0.6736475862562656,
      0.43247668305411935,
      0.8305963459424675,
      0.924789706710726,
      0.43711359426379204
    ]
  ],
  "feedback_matrix_q": [
    [
      0.37700012247262654,
      0.24209423702354424,
      -0.31665520406003084,
      -0.3761961449025044,
      0.5151788129895336,
      -0.16119851725758608,
      0.28693553156652496,
      0.4286502767561142
    ],
    [
      0.499265695091632,
      0.15317034460340437,
      0.27554684532264806,
      0.0009388496684620474,
      0.29942266222037783,
      -0.00980186110780708,
      0.0886565443952447,
      -0.7441341786508394
    ],
    [
      -0.6665301837241652,
      -0.007864861015290499,
      -0.17526426312156848,
      -0.37565919567396705,
      0.24316450681229448,
      -0.3883071554273805,
      0.13246211753226395,
      -0.3954499058204223
    ],
    [
      0.238807911164712,
      -0.17284633095078086,
      -0.41266925897435225,
      0.37461821210367124,
      -0.3620155586709609,
      -0.5555129877718263,
      0.385194956878855,
      -0.12014618675545181
    ],
    [
      -0.0076056216245303405,
      -0.49364572489377223,
      0.26873486877794156,
      -0.2824383042059283,
      -0.11571195125351208,
      0.31582303839365666,
      0.7003568219348966,
      0.02516152141949838
    ],
    [
      0.023294554684518836,
      0.3937272894843102,
      -0.5357501538327312,
      -0.26550695125361895,
      -0.40679004954566733,
      0.4942252703892817,
      0.09556507483510092,
      -0.2608535430325565
    ],
    [
      -0.2956750191509813,
      0.6309778095047638,
      0.27716846449860505,
      0.424390098782379,
      0.04712971619225483,
      0.042453674830673714,
      0.4909616351149199,
      0.11156666839113816
    ],
    [
      -0.13888401780584034,
      -0.30191263553242664,
      -0.432112165766069,
      0.4966333156327728,
      0.5231290545188811,
      0.41077574299769143,
      0.05666534885441607,
      -0.10287242403389991
    ]
  ]
}
